201,776.43013,-0.5,0.148484848484848,0.260606060606061,
201,809.092999,0.5,0.148484848484848,0.260606060606061,
201,977.444172,0.5,0.148484848484848,0.260606060606061,
201,826.735973,-0.5,0.148484848484848,0.260606060606061,
201,843.029976,-0.5,0.148484848484848,0.260606060606061,
201,840.566874,0.5,0.148484848484848,0.260606060606061,
201,675.525904,0.5,0.148484848484848,0.260606060606061,
201,1559.458017,-0.5,0.148484848484848,0.260606060606061,
201,1175.184965,0.5,0.148484848484848,0.260606060606061,
201,991.899014,0.5,0.148484848484848,0.260606060606061,
201,758.61001,0.5,0.148484848484848,0.260606060606061,
201,792.772055,0.5,0.148484848484848,0.260606060606061,
201,990.331173,0.5,0.148484848484848,0.260606060606061,
201,993.607998,-0.5,0.148484848484848,0.260606060606061,
201,1192.473888,0.5,0.148484848484848,0.260606060606061,
201,1343.604088,0.5,0.148484848484848,0.260606060606061,
201,774.923801,0.5,0.148484848484848,0.260606060606061,
201,626.119852,-0.5,0.148484848484848,0.260606060606061,
201,1075.531006,-0.5,0.148484848484848,0.260606060606061,
201,809.218168,-0.5,0.148484848484848,0.260606060606061,
201,659.615994,-0.5,0.148484848484848,0.260606060606061,
201,625.544786,0.5,0.148484848484848,0.260606060606061,
201,742.246151,0.5,0.148484848484848,0.260606060606061,
202,724.98703,0.5,0.148484848484848,0.0606060606060606,
202,1108.602047,-0.5,0.148484848484848,0.0606060606060606,
202,725.842953,0.5,0.148484848484848,0.0606060606060606,
202,592.477083,0.5,0.148484848484848,0.0606060606060606,
202,808.880091,-0.5,0.148484848484848,0.0606060606060606,
202,757.745981,0.5,0.148484848484848,0.0606060606060606,
202,591.758966,0.5,0.148484848484848,0.0606060606060606,
202,709.203005,-0.5,0.148484848484848,0.0606060606060606,
202,576.113939,0.5,0.148484848484848,0.0606060606060606,
202,876.847982,-0.5,0.148484848484848,0.0606060606060606,
202,792.936087,0.5,0.148484848484848,0.0606060606060606,
202,1444.204092,0.5,0.148484848484848,0.0606060606060606,
202,575.605869,0.5,0.148484848484848,0.0606060606060606,
202,893.532038,-0.5,0.148484848484848,0.0606060606060606,
202,1109.902859,-0.5,0.148484848484848,0.0606060606060606,
202,775.460005,0.5,0.148484848484848,0.0606060606060606,
202,1324.153185,0.5,0.148484848484848,0.0606060606060606,
202,1308.738947,0.5,0.148484848484848,0.0606060606060606,
202,608.772993,0.5,0.148484848484848,0.0606060606060606,
202,611.086845,0.5,0.148484848484848,0.0606060606060606,
202,992.635012,-0.5,0.148484848484848,0.0606060606060606,
202,926.002026,-0.5,0.148484848484848,0.0606060606060606,
202,792.806864,0.5,0.148484848484848,0.0606060606060606,
202,758.482933,0.5,0.148484848484848,0.0606060606060606,
202,575.559855,0.5,0.148484848484848,0.0606060606060606,
202,393.021107,-0.5,0.148484848484848,0.0606060606060606,
202,1642.158031,-0.5,0.148484848484848,0.0606060606060606,
204,976.15695,0.5,0.748484848484849,-0.139393939393939,
204,594.193935,0.5,0.748484848484849,-0.139393939393939,
204,809.697151,0.5,0.748484848484849,-0.139393939393939,
204,592.213154,0.5,0.748484848484849,-0.139393939393939,
204,809.190035,0.5,0.748484848484849,-0.139393939393939,
204,943.104982,0.5,0.748484848484849,-0.139393939393939,
204,1091.324806,0.5,0.748484848484849,-0.139393939393939,
204,709.933996,0.5,0.748484848484849,-0.139393939393939,
204,858.991861,0.5,0.748484848484849,-0.139393939393939,
204,792.859077,0.5,0.748484848484849,-0.139393939393939,
204,756.456137,0.5,0.748484848484849,-0.139393939393939,
204,909.418821,-0.5,0.748484848484849,-0.139393939393939,
204,775.966883,-0.5,0.748484848484849,-0.139393939393939,
204,561.015844,0.5,0.748484848484849,-0.139393939393939,
204,624.965906,0.5,0.748484848484849,-0.139393939393939,
204,727.607012,0.5,0.748484848484849,-0.139393939393939,
204,909.124851,-0.5,0.748484848484849,-0.139393939393939,
204,642.563105,0.5,0.748484848484849,-0.139393939393939,
204,1042.05513,0.5,0.748484848484849,-0.139393939393939,
204,674.777985,0.5,0.748484848484849,-0.139393939393939,
205,591.831923,0.5,0.548484848484849,-1.53939393939394,
205,991.534948,0.5,0.548484848484849,-1.53939393939394,
205,808.661938,0.5,0.548484848484849,-1.53939393939394,
205,910.298824,-0.5,0.548484848484849,-1.53939393939394,
205,693.953991,0.5,0.548484848484849,-1.53939393939394,
205,624.419928,0.5,0.548484848484849,-1.53939393939394,
205,493.678093,0.5,0.548484848484849,-1.53939393939394,
205,591.995955,0.5,0.548484848484849,-1.53939393939394,
205,558.450937,0.5,0.548484848484849,-1.53939393939394,
205,659.235001,0.5,0.548484848484849,-1.53939393939394,
205,608.848095,0.5,0.548484848484849,-1.53939393939394,
205,658.960104,0.5,0.548484848484849,-1.53939393939394,
205,959.417105,-0.5,0.548484848484849,-1.53939393939394,
205,608.618021,0.5,0.548484848484849,-1.53939393939394,
205,825.910091,-0.5,0.548484848484849,-1.53939393939394,
205,673.360825,0.5,0.548484848484849,-1.53939393939394,
205,625.952959,0.5,0.548484848484849,-1.53939393939394,
205,608.275175,-0.5,0.548484848484849,-1.53939393939394,
205,1476.138115,-0.5,0.548484848484849,-1.53939393939394,
206,1692.242146,0.5,0.148484848484848,0.0606060606060606,
206,1107.909918,0.5,0.148484848484848,0.0606060606060606,
206,777.783155,0.5,0.148484848484848,0.0606060606060606,
206,543.775082,0.5,0.148484848484848,0.0606060606060606,
206,1010.191917,-0.5,0.148484848484848,0.0606060606060606,
206,758.888006,0.5,0.148484848484848,0.0606060606060606,
206,1226.480961,-0.5,0.148484848484848,0.0606060606060606,
206,991.919041,0.5,0.148484848484848,0.0606060606060606,
206,1992.902994,0.5,0.148484848484848,0.0606060606060606,
206,958.047867,0.5,0.148484848484848,0.0606060606060606,
206,1260.746002,0.5,0.148484848484848,0.0606060606060606,
206,2057.298899,0.5,0.148484848484848,0.0606060606060606,
206,958.747864,0.5,0.148484848484848,0.0606060606060606,
206,1025.80905,-0.5,0.148484848484848,0.0606060606060606,
206,1325.829983,0.5,0.148484848484848,0.0606060606060606,
206,1142.789125,-0.5,0.148484848484848,0.0606060606060606,
206,957.433939,-0.5,0.148484848484848,0.0606060606060606,
206,808.756113,-0.5,0.148484848484848,0.0606060606060606,
206,1208.849907,-0.5,0.148484848484848,0.0606060606060606,
206,644.442081,0.5,0.148484848484848,0.0606060606060606,
206,1575.773001,-0.5,0.148484848484848,0.0606060606060606,
206,992.838144,-0.5,0.148484848484848,0.0606060606060606,
206,1991.69302,0.5,0.148484848484848,0.0606060606060606,
206,1075.459003,-0.5,0.148484848484848,0.0606060606060606,
206,992.624998,0.5,0.148484848484848,0.0606060606060606,
206,1775.929213,0.5,0.148484848484848,0.0606060606060606,
207,1343.882084,-0.5,-1.25151515151515,0.0606060606060606,
207,742.96999,0.5,-1.25151515151515,0.0606060606060606,
207,892.853022,-0.5,-1.25151515151515,0.0606060606060606,
207,1308.094025,0.5,-1.25151515151515,0.0606060606060606,
207,1425.610065,0.5,-1.25151515151515,0.0606060606060606,
207,1025.372982,-0.5,-1.25151515151515,0.0606060606060606,
207,1009.133101,-0.5,-1.25151515151515,0.0606060606060606,
207,1209.666967,0.5,-1.25151515151515,0.0606060606060606,
207,1375.742912,-0.5,-1.25151515151515,0.0606060606060606,
207,1558.882952,0.5,-1.25151515151515,0.0606060606060606,
207,975.054979,-0.5,-1.25151515151515,0.0606060606060606,
207,1094.177008,0.5,-1.25151515151515,0.0606060606060606,
207,1393.516064,0.5,-1.25151515151515,0.0606060606060606,
207,1426.24712,-0.5,-1.25151515151515,0.0606060606060606,
207,806.234837,-0.5,-1.25151515151515,0.0606060606060606,
207,827.190876,-0.5,-1.25151515151515,0.0606060606060606,
207,1327.70896,0.5,-1.25151515151515,0.0606060606060606,
207,1042.338848,0.5,-1.25151515151515,0.0606060606060606,
207,1026.082993,-0.5,-1.25151515151515,0.0606060606060606,
207,1393.231869,-0.5,-1.25151515151515,0.0606060606060606,
207,775.135994,-0.5,-1.25151515151515,0.0606060606060606,
208,692.425966,0.5,0.148484848484848,0.460606060606061,
208,675.431013,0.5,0.148484848484848,0.460606060606061,
208,726.346016,0.5,0.148484848484848,0.460606060606061,
208,858.274221,0.5,0.148484848484848,0.460606060606061,
208,577.54302,0.5,0.148484848484848,0.460606060606061,
208,675.653934,0.5,0.148484848484848,0.460606060606061,
208,609.398842,0.5,0.148484848484848,0.460606060606061,
208,1508.887053,-0.5,0.148484848484848,0.460606060606061,
208,808.970928,0.5,0.148484848484848,0.460606060606061,
208,1042.997122,-0.5,0.148484848484848,0.460606060606061,
208,1808.999062,-0.5,0.148484848484848,0.460606060606061,
208,1559.073925,-0.5,0.148484848484848,0.460606060606061,
208,691.537142,0.5,0.148484848484848,0.460606060606061,
208,1343.027115,-0.5,0.148484848484848,0.460606060606061,
208,710.31785,0.5,0.148484848484848,0.460606060606061,
208,1473.322153,-0.5,0.148484848484848,0.460606060606061,
208,1342.444897,-0.5,0.148484848484848,0.460606060606061,
208,1042.336941,0.5,0.148484848484848,0.460606060606061,
208,1725.358963,0.5,0.148484848484848,0.460606060606061,
208,825.052023,0.5,0.148484848484848,0.460606060606061,
208,1174.496889,0.5,0.148484848484848,0.460606060606061,
209,1974.887133,0.5,-0.251515151515151,0.460606060606061,
209,1526.073933,0.5,-0.251515151515151,0.460606060606061,
209,860.822201,0.5,-0.251515151515151,0.460606060606061,
209,1508.433104,0.5,-0.251515151515151,0.460606060606061,
209,1342.412949,-0.5,-0.251515151515151,0.460606060606061,
209,1526.469946,-0.5,-0.251515151515151,0.460606060606061,
209,744.368076,0.5,-0.251515151515151,0.460606060606061,
209,1326.133013,-0.5,-0.251515151515151,0.460606060606061,
209,1709.336042,-0.5,-0.251515151515151,0.460606060606061,
209,1191.556931,0.5,-0.251515151515151,0.460606060606061,
209,842.427969,0.5,-0.251515151515151,0.460606060606061,
209,1408.808947,-0.5,-0.251515151515151,0.460606060606061,
209,958.498001,0.5,-0.251515151515151,0.460606060606061,
209,1425.75407,0.5,-0.251515151515151,0.460606060606061,
209,1892.108917,-0.5,-0.251515151515151,0.460606060606061,
210,574.848175,0.5,0.148484848484848,0.0606060606060606,
210,743.468046,-0.5,0.148484848484848,0.0606060606060606,
210,724.698067,0.5,0.148484848484848,0.0606060606060606,
210,493.405104,0.5,0.148484848484848,0.0606060606060606,
210,559.24511,0.5,0.148484848484848,0.0606060606060606,
210,642.216921,-0.5,0.148484848484848,0.0606060606060606,
210,1010.924816,0.5,0.148484848484848,0.0606060606060606,
210,741.193056,0.5,0.148484848484848,0.0606060606060606,
210,959.150076,-0.5,0.148484848484848,0.0606060606060606,
210,642.423153,-0.5,0.148484848484848,0.0606060606060606,
210,892.216921,-0.5,0.148484848484848,0.0606060606060606,
210,894.318819,0.5,0.148484848484848,0.0606060606060606,
210,992.321014,0.5,0.148484848484848,0.0606060606060606,
210,776.267052,-0.5,0.148484848484848,0.0606060606060606,
210,942.82794,0.5,0.148484848484848,0.0606060606060606,
210,675.505877,0.5,0.148484848484848,0.0606060606060606,
210,675.41194,-0.5,0.148484848484848,0.0606060606060606,
210,675.139904,0.5,0.148484848484848,0.0606060606060606,
210,593.598843,0.5,0.148484848484848,0.0606060606060606,
210,1042.363882,-0.5,0.148484848484848,0.0606060606060606,
210,575.269938,0.5,0.148484848484848,0.0606060606060606,
210,858.911991,0.5,0.148484848484848,0.0606060606060606,
210,725.353956,0.5,0.148484848484848,0.0606060606060606,
210,608.871937,0.5,0.148484848484848,0.0606060606060606,
212,759.17697,0.5,-0.0515151515151513,0.0606060606060606,
212,1660.128832,-0.5,-0.0515151515151513,0.0606060606060606,
212,1476.336002,-0.5,-0.0515151515151513,0.0606060606060606,
212,777.848959,0.5,-0.0515151515151513,0.0606060606060606,
212,1309.538126,0.5,-0.0515151515151513,0.0606060606060606,
212,925.904036,-0.5,-0.0515151515151513,0.0606060606060606,
212,1024.74308,0.5,-0.0515151515151513,0.0606060606060606,
212,677.700043,0.5,-0.0515151515151513,0.0606060606060606,
212,825.507164,0.5,-0.0515151515151513,0.0606060606060606,
212,759.136915,0.5,-0.0515151515151513,0.0606060606060606,
212,842.518806,0.5,-0.0515151515151513,0.0606060606060606,
212,1108.591795,-0.5,-0.0515151515151513,0.0606060606060606,
212,1775.488853,0.5,-0.0515151515151513,0.0606060606060606,
212,1324.878931,0.5,-0.0515151515151513,0.0606060606060606,
212,1210.129023,-0.5,-0.0515151515151513,0.0606060606060606,
212,1723.716974,-0.5,-0.0515151515151513,0.0606060606060606,
212,710.990906,0.5,-0.0515151515151513,0.0606060606060606,
212,725.861073,0.5,-0.0515151515151513,0.0606060606060606,
212,1058.744907,0.5,-0.0515151515151513,0.0606060606060606,
212,925.211906,0.5,-0.0515151515151513,0.0606060606060606,
212,641.827106,0.5,-0.0515151515151513,0.0606060606060606,
212,641.291142,0.5,-0.0515151515151513,0.0606060606060606,
219,843.729019,0.5,0.148484848484848,-1.33939393939394,
219,842.3388,0.5,0.148484848484848,-1.33939393939394,
219,857.723951,0.5,0.148484848484848,-1.33939393939394,
219,692.232847,0.5,0.148484848484848,-1.33939393939394,
219,825.54698,0.5,0.148484848484848,-1.33939393939394,
219,760.176182,-0.5,0.148484848484848,-1.33939393939394,
219,775.439024,-0.5,0.148484848484848,-1.33939393939394,
219,825.372934,0.5,0.148484848484848,-1.33939393939394,
219,727.036953,-0.5,0.148484848484848,-1.33939393939394,
219,1641.513824,0.5,0.148484848484848,-1.33939393939394,
219,792.322159,-0.5,0.148484848484848,-1.33939393939394,
219,726.224184,-0.5,0.148484848484848,-1.33939393939394,
219,744.406939,0.5,0.148484848484848,-1.33939393939394,
219,741.935015,0.5,0.148484848484848,-1.33939393939394,
219,1273.655891,0.5,0.148484848484848,-1.33939393939394,
219,926.563025,-0.5,0.148484848484848,-1.33939393939394,
219,1108.721018,-0.5,0.148484848484848,-1.33939393939394,
219,942.203045,0.5,0.148484848484848,-1.33939393939394,
219,924.857855,-0.5,0.148484848484848,-1.33939393939394,
219,742.896795,0.5,0.148484848484848,-1.33939393939394,
219,826.296091,-0.5,0.148484848484848,-1.33939393939394,
219,694.51499,0.5,0.148484848484848,-1.33939393939394,
220,593.844891,0.5,0.148484848484848,0.660606060606061,
220,742.787838,0.5,0.148484848484848,0.660606060606061,
220,908.491135,0.5,0.148484848484848,0.660606060606061,
220,976.17197,-0.5,0.148484848484848,0.660606060606061,
220,641.052961,0.5,0.148484848484848,0.660606060606061,
220,958.82988,-0.5,0.148484848484848,0.660606060606061,
220,759.845018,0.5,0.148484848484848,0.660606060606061,
220,726.36199,0.5,0.148484848484848,0.660606060606061,
220,692.070007,0.5,0.148484848484848,0.660606060606061,
220,544.19589,0.5,0.148484848484848,0.660606060606061,
220,874.332905,0.5,0.148484848484848,0.660606060606061,
220,742.572069,0.5,0.148484848484848,0.660606060606061,
220,725.991964,0.5,0.148484848484848,0.660606060606061,
220,1310.304165,-0.5,0.148484848484848,0.660606060606061,
220,758.481979,0.5,0.148484848484848,0.660606060606061,
220,1041.632175,0.5,0.148484848484848,0.660606060606061,
220,840.034962,0.5,0.148484848484848,0.660606060606061,
220,744.418144,0.5,0.148484848484848,0.660606060606061,
220,708.742142,0.5,0.148484848484848,0.660606060606061,
220,576.062918,0.5,0.148484848484848,0.660606060606061,
220,1142.21406,0.5,0.148484848484848,0.660606060606061,
220,759.021997,0.5,0.148484848484848,0.660606060606061,
221,1409.457922,-0.5,-0.651515151515151,0.260606060606061,
221,1422.923088,0.5,-0.651515151515151,0.260606060606061,
221,1658.904076,-0.5,-0.651515151515151,0.260606060606061,
221,1011.132002,0.5,-0.651515151515151,0.260606060606061,
221,1275.840998,-0.5,-0.651515151515151,0.260606060606061,
221,842.937946,0.5,-0.651515151515151,0.260606060606061,
221,975.550175,0.5,-0.651515151515151,0.260606060606061,
221,1210.244179,0.5,-0.651515151515151,0.260606060606061,
221,1025.934935,0.5,-0.651515151515151,0.260606060606061,
221,1275.892973,-0.5,-0.651515151515151,0.260606060606061,
221,1443.13693,-0.5,-0.651515151515151,0.260606060606061,
221,1442.912102,-0.5,-0.651515151515151,0.260606060606061,
221,1926.578999,0.5,-0.651515151515151,0.260606060606061,
221,910.909891,0.5,-0.651515151515151,0.260606060606061,
221,1375.041008,0.5,-0.651515151515151,0.260606060606061,
221,1125.902891,-0.5,-0.651515151515151,0.260606060606061,
221,1591.756105,-0.5,-0.651515151515151,0.260606060606061,
221,1142.53211,0.5,-0.651515151515151,0.260606060606061,
221,1142.591,-0.5,-0.651515151515151,0.260606060606061,
221,1326.884985,-0.5,-0.651515151515151,0.260606060606061,
221,974.60413,0.5,-0.651515151515151,0.260606060606061,
221,1809.293985,-0.5,-0.651515151515151,0.260606060606061,
221,1025.079012,0.5,-0.651515151515151,0.260606060606061,
221,1159.566879,-0.5,-0.651515151515151,0.260606060606061,
221,1658.541918,-0.5,-0.651515151515151,0.260606060606061,
221,910.953999,0.5,-0.651515151515151,0.260606060606061,
222,792.237043,0.5,-0.0515151515151513,-0.139393939393939,
222,858.887196,0.5,-0.0515151515151513,-0.139393939393939,
222,1175.50993,0.5,-0.0515151515151513,-0.139393939393939,
222,724.872112,0.5,-0.0515151515151513,-0.139393939393939,
222,1092.560053,-0.5,-0.0515151515151513,-0.139393939393939,
222,1776.128054,-0.5,-0.0515151515151513,-0.139393939393939,
222,1375.62108,-0.5,-0.0515151515151513,-0.139393939393939,
222,742.214918,0.5,-0.0515151515151513,-0.139393939393939,
222,658.806801,0.5,-0.0515151515151513,-0.139393939393939,
222,960.172892,-0.5,-0.0515151515151513,-0.139393939393939,
222,660.830021,0.5,-0.0515151515151513,-0.139393939393939,
222,659.780979,0.5,-0.0515151515151513,-0.139393939393939,
222,644.026995,0.5,-0.0515151515151513,-0.139393939393939,
222,858.337164,0.5,-0.0515151515151513,-0.139393939393939,
222,810.975075,0.5,-0.0515151515151513,-0.139393939393939,
222,1441.823006,-0.5,-0.0515151515151513,-0.139393939393939,
222,959.349155,0.5,-0.0515151515151513,-0.139393939393939,
222,705.557823,0.5,-0.0515151515151513,-0.139393939393939,
222,842.880964,0.5,-0.0515151515151513,-0.139393939393939,
222,1491.522074,-0.5,-0.0515151515151513,-0.139393939393939,
222,991.967916,0.5,-0.0515151515151513,-0.139393939393939,
222,1274.959087,-0.5,-0.0515151515151513,-0.139393939393939,
222,1709.267139,-0.5,-0.0515151515151513,-0.139393939393939,
222,1191.797972,0.5,-0.0515151515151513,-0.139393939393939,
222,793.051958,-0.5,-0.0515151515151513,-0.139393939393939,
223,891.479015,0.5,0.148484848484848,1.06060606060606,
223,742.314816,0.5,0.148484848484848,1.06060606060606,
223,774.888992,0.5,0.148484848484848,1.06060606060606,
223,825.495958,0.5,0.148484848484848,1.06060606060606,
223,609.388828,0.5,0.148484848484848,1.06060606060606,
223,676.153898,0.5,0.148484848484848,1.06060606060606,
223,758.981943,0.5,0.148484848484848,1.06060606060606,
223,675.781012,0.5,0.148484848484848,1.06060606060606,
223,691.028118,0.5,0.148484848484848,1.06060606060606,
223,775.18487,0.5,0.148484848484848,1.06060606060606,
223,741.786003,0.5,0.148484848484848,1.06060606060606,
223,727.617979,0.5,0.148484848484848,1.06060606060606,
223,709.259987,0.5,0.148484848484848,1.06060606060606,
223,825.477123,0.5,0.148484848484848,1.06060606060606,
223,842.504025,-0.5,0.148484848484848,1.06060606060606,
223,742.112875,-0.5,0.148484848484848,1.06060606060606,
223,642.270803,0.5,0.148484848484848,1.06060606060606,
223,676.682949,0.5,0.148484848484848,1.06060606060606,
223,842.890024,0.5,0.148484848484848,1.06060606060606,
223,859.266043,0.5,0.148484848484848,1.06060606060606,
224,692.532063,-0.5,0.948484848484848,-0.139393939393939,
224,675.531149,0.5,0.948484848484848,-0.139393939393939,
224,577.72398,0.5,0.948484848484848,-0.139393939393939,
224,642.108917,0.5,0.948484848484848,-0.139393939393939,
224,594.089985,0.5,0.948484848484848,-0.139393939393939,
224,758.076906,0.5,0.948484848484848,-0.139393939393939,
224,992.29598,-0.5,0.948484848484848,-0.139393939393939,
224,910.303831,-0.5,0.948484848484848,-0.139393939393939,
224,844.370842,0.5,0.948484848484848,-0.139393939393939,
224,726.358175,-0.5,0.948484848484848,-0.139393939393939,
224,843.548059,-0.5,0.948484848484848,-0.139393939393939,
224,709.623098,-0.5,0.948484848484848,-0.139393939393939,
224,774.891138,0.5,0.948484848484848,-0.139393939393939,
224,792.305946,-0.5,0.948484848484848,-0.139393939393939,
224,708.854914,0.5,0.948484848484848,-0.139393939393939,
224,724.874973,0.5,0.948484848484848,-0.139393939393939,
224,641.152859,0.5,0.948484848484848,-0.139393939393939,
224,776.046991,0.5,0.948484848484848,-0.139393939393939,
224,692.505836,0.5,0.948484848484848,-0.139393939393939,
224,724.755049,0.5,0.948484848484848,-0.139393939393939,
224,659.009933,-0.5,0.948484848484848,-0.139393939393939,
224,810.267925,-0.5,0.948484848484848,-0.139393939393939,
226,1058.816195,-0.5,0.148484848484848,-1.13939393939394,
226,993.286133,-0.5,0.148484848484848,-1.13939393939394,
226,1126.826048,-0.5,0.148484848484848,-1.13939393939394,
226,992.300987,0.5,0.148484848484848,-1.13939393939394,
226,874.475956,0.5,0.148484848484848,-1.13939393939394,
226,1426.367044,-0.5,0.148484848484848,-1.13939393939394,
226,809.196949,0.5,0.148484848484848,-1.13939393939394,
226,892.48991,-0.5,0.148484848484848,-1.13939393939394,
226,893.738031,0.5,0.148484848484848,-1.13939393939394,
226,1008.727074,-0.5,0.148484848484848,-1.13939393939394,
226,759.286165,0.5,0.148484848484848,-1.13939393939394,
226,1943.063974,-0.5,0.148484848484848,-1.13939393939394,
226,1359.633923,-0.5,0.148484848484848,-1.13939393939394,
226,1008.903027,-0.5,0.148484848484848,-1.13939393939394,
226,1159.100056,-0.5,0.148484848484848,-1.13939393939394,
226,1539.382935,-0.5,0.148484848484848,-1.13939393939394,
226,1108.776093,0.5,0.148484848484848,-1.13939393939394,
226,1060.367107,0.5,0.148484848484848,-1.13939393939394,
226,925.653934,0.5,0.148484848484848,-1.13939393939394,
226,1542.179108,0.5,0.148484848484848,-1.13939393939394,
226,742.497921,0.5,0.148484848484848,-1.13939393939394,
226,758.143902,0.5,0.148484848484848,-1.13939393939394,
228,1057.777882,-0.5,-0.651515151515151,0.460606060606061,
228,743.665934,0.5,-0.651515151515151,0.460606060606061,
228,642.629862,0.5,-0.651515151515151,0.460606060606061,
228,1391.994953,0.5,-0.651515151515151,0.460606060606061,
228,708.457947,0.5,-0.651515151515151,0.460606060606061,
228,1525.019884,0.5,-0.651515151515151,0.460606060606061,
228,1075.878143,-0.5,-0.651515151515151,0.460606060606061,
228,1042.587996,-0.5,-0.651515151515151,0.460606060606061,
228,809.23605,-0.5,-0.651515151515151,0.460606060606061,
228,942.24,-0.5,-0.651515151515151,0.460606060606061,
228,958.921194,-0.5,-0.651515151515151,0.460606060606061,
228,725.18301,0.5,-0.651515151515151,0.460606060606061,
228,792.804003,0.5,-0.651515151515151,0.460606060606061,
228,792.587042,0.5,-0.651515151515151,0.460606060606061,
228,676.854134,-0.5,-0.651515151515151,0.460606060606061,
228,775.846004,-0.5,-0.651515151515151,0.460606060606061,
228,557.577848,-0.5,-0.651515151515151,0.460606060606061,
228,1126.302958,-0.5,-0.651515151515151,0.460606060606061,
228,775.750875,-0.5,-0.651515151515151,0.460606060606061,
228,1292.154074,-0.5,-0.651515151515151,0.460606060606061,
228,743.35885,-0.5,-0.651515151515151,0.460606060606061,
229,975.990057,0.5,-0.251515151515151,0.660606060606061,
229,1042.553902,0.5,-0.251515151515151,0.660606060606061,
229,891.455889,0.5,-0.251515151515151,0.660606060606061,
229,926.220179,0.5,-0.251515151515151,0.660606060606061,
229,925.299883,-0.5,-0.251515151515151,0.660606060606061,
229,877.600908,0.5,-0.251515151515151,0.660606060606061,
229,1060.091019,-0.5,-0.251515151515151,0.660606060606061,
229,875.928164,-0.5,-0.251515151515151,0.660606060606061,
229,825.256824,-0.5,-0.251515151515151,0.660606060606061,
229,893.545151,0.5,-0.251515151515151,0.660606060606061,
229,775.161982,0.5,-0.251515151515151,0.660606060606061,
229,1009.418964,0.5,-0.251515151515151,0.660606060606061,
229,990.032196,-0.5,-0.251515151515151,0.660606060606061,
229,992.939949,-0.5,-0.251515151515151,0.660606060606061,
229,875.58198,-0.5,-0.251515151515151,0.660606060606061,
229,893.537045,-0.5,-0.251515151515151,0.660606060606061,
229,992.19203,0.5,-0.251515151515151,0.660606060606061,
229,992.449999,0.5,-0.251515151515151,0.660606060606061,
229,826.199055,-0.5,-0.251515151515151,0.660606060606061,
229,809.249878,0.5,-0.251515151515151,0.660606060606061,
232,759.114027,0.5,-0.0515151515151513,0.0606060606060606,
232,1741.446018,-0.5,-0.0515151515151513,0.0606060606060606,
232,758.932114,0.5,-0.0515151515151513,0.0606060606060606,
232,644.533157,0.5,-0.0515151515151513,0.0606060606060606,
232,1759.610176,0.5,-0.0515151515151513,0.0606060606060606,
232,759.540081,-0.5,-0.0515151515151513,0.0606060606060606,
232,942.843914,0.5,-0.0515151515151513,0.0606060606060606,
232,1291.068077,-0.5,-0.0515151515151513,0.0606060606060606,
232,894.402027,0.5,-0.0515151515151513,0.0606060606060606,
232,1358.752966,0.5,-0.0515151515151513,0.0606060606060606,
232,1059.391975,0.5,-0.0515151515151513,0.0606060606060606,
232,958.707094,0.5,-0.0515151515151513,0.0606060606060606,
232,1691.539049,0.5,-0.0515151515151513,0.0606060606060606,
232,742.202044,0.5,-0.0515151515151513,0.0606060606060606,
232,1125.209808,0.5,-0.0515151515151513,0.0606060606060606,
232,661.095142,0.5,-0.0515151515151513,0.0606060606060606,
232,1274.242163,0.5,-0.0515151515151513,0.0606060606060606,
232,1493.180037,0.5,-0.0515151515151513,0.0606060606060606,
232,858.777046,0.5,-0.0515151515151513,0.0606060606060606,
232,677.011967,0.5,-0.0515151515151513,0.0606060606060606,
232,1075.824976,0.5,-0.0515151515151513,0.0606060606060606,
232,1025.861979,0.5,-0.0515151515151513,0.0606060606060606,
232,1141.903162,0.5,-0.0515151515151513,0.0606060606060606,
234,1092.180967,0.5,0.148484848484848,0.660606060606061,
234,908.247948,0.5,0.148484848484848,0.660606060606061,
234,2042.062998,-0.5,0.148484848484848,0.660606060606061,
234,1792.695045,-0.5,0.148484848484848,0.660606060606061,
234,1226.388931,0.5,0.148484848484848,0.660606060606061,
234,1041.54706,0.5,0.148484848484848,0.660606060606061,
234,1109.469175,0.5,0.148484848484848,0.660606060606061,
234,808.847904,0.5,0.148484848484848,0.660606060606061,
234,1744.117022,0.5,0.148484848484848,0.660606060606061,
234,1225.228071,-0.5,0.148484848484848,0.660606060606061,
234,1242.550135,-0.5,0.148484848484848,0.660606060606061,
234,1075.875998,-0.5,0.148484848484848,0.660606060606061,
234,2060.041904,0.5,0.148484848484848,0.660606060606061,
234,1223.309994,0.5,0.148484848484848,0.660606060606061,
234,926.172018,0.5,0.148484848484848,0.660606060606061,
234,1508.786201,-0.5,0.148484848484848,0.660606060606061,
234,858.640909,0.5,0.148484848484848,0.660606060606061,
234,1008.468151,0.5,0.148484848484848,0.660606060606061,
234,1010.09202,-0.5,0.148484848484848,0.660606060606061,
234,1208.791971,0.5,0.148484848484848,0.660606060606061,
234,777.691126,0.5,0.148484848484848,0.660606060606061,
234,1041.507006,-0.5,0.148484848484848,0.660606060606061,
234,775.876045,0.5,0.148484848484848,0.660606060606061,
234,1159.173012,-0.5,0.148484848484848,0.660606060606061,
235,1476.795197,-0.5,0.148484848484848,0.460606060606061,
235,1492.698908,-0.5,0.148484848484848,0.460606060606061,
235,1159.775019,0.5,0.148484848484848,0.460606060606061,
235,975.488186,0.5,0.148484848484848,0.460606060606061,
235,1075.911999,0.5,0.148484848484848,0.460606060606061,
235,1044.451952,0.5,0.148484848484848,0.460606060606061,
235,1658.86116,0.5,0.148484848484848,0.460606060606061,
235,1175.786018,-0.5,0.148484848484848,0.460606060606061,
235,925.477028,-0.5,0.148484848484848,0.460606060606061,
235,1208.425999,0.5,0.148484848484848,0.460606060606061,
235,1125.551939,-0.5,0.148484848484848,0.460606060606061,
235,1325.387955,0.5,0.148484848484848,0.460606060606061,
235,1010.112047,-0.5,0.148484848484848,0.460606060606061,
235,1093.037844,-0.5,0.148484848484848,0.460606060606061,
235,1275.537968,0.5,0.148484848484848,0.460606060606061,
235,893.797874,0.5,0.148484848484848,0.460606060606061,
235,644.323111,0.5,0.148484848484848,0.460606060606061,
235,1092.450857,-0.5,0.148484848484848,0.460606060606061,
235,1009.226084,-0.5,0.148484848484848,0.460606060606061,
235,842.364788,-0.5,0.148484848484848,0.460606060606061,
235,693.799019,0.5,0.148484848484848,0.460606060606061,
235,1193.238974,-0.5,0.148484848484848,0.460606060606061,
235,841.033936,0.5,0.148484848484848,0.460606060606061,
235,1474.766016,0.5,0.148484848484848,0.460606060606061,
235,1241.573095,0.5,0.148484848484848,0.460606060606061,
235,725.579023,0.5,0.148484848484848,0.460606060606061,
236,1375.006914,0.5,0.948484848484848,1.06060606060606,
236,1007.727861,0.5,0.948484848484848,1.06060606060606,
236,958.488941,0.5,0.948484848484848,1.06060606060606,
236,660.223007,0.5,0.948484848484848,1.06060606060606,
236,1261.050224,0.5,0.948484848484848,1.06060606060606,
236,625.417948,0.5,0.948484848484848,1.06060606060606,
236,692.425013,0.5,0.948484848484848,1.06060606060606,
236,675.554991,0.5,0.948484848484848,1.06060606060606,
236,642.250061,0.5,0.948484848484848,1.06060606060606,
236,908.102036,0.5,0.948484848484848,1.06060606060606,
236,792.621136,0.5,0.948484848484848,1.06060606060606,
236,609.186172,0.5,0.948484848484848,1.06060606060606,
236,890.405178,-0.5,0.948484848484848,1.06060606060606,
236,875.797033,0.5,0.948484848484848,1.06060606060606,
236,909.719944,0.5,0.948484848484848,1.06060606060606,
236,792.292118,0.5,0.948484848484848,1.06060606060606,
236,575.130224,0.5,0.948484848484848,1.06060606060606,
236,1576.14994,0.5,0.948484848484848,1.06060606060606,
236,825.657129,-0.5,0.948484848484848,1.06060606060606,
236,1427.687883,0.5,0.948484848484848,1.06060606060606,
236,627.655029,0.5,0.948484848484848,1.06060606060606,
237,1258.48794,0.5,-0.251515151515151,0.0606060606060606,
237,1792.390823,-0.5,-0.251515151515151,0.0606060606060606,
237,958.670855,0.5,-0.251515151515151,0.0606060606060606,
237,759.321928,-0.5,-0.251515151515151,0.0606060606060606,
237,1159.960985,-0.5,-0.251515151515151,0.0606060606060606,
237,1625.550032,-0.5,-0.251515151515151,0.0606060606060606,
237,1160.244942,-0.5,-0.251515151515151,0.0606060606060606,
237,1027.399063,0.5,-0.251515151515151,0.0606060606060606,
237,758.637905,-0.5,-0.251515151515151,0.0606060606060606,
237,992.903948,0.5,-0.251515151515151,0.0606060606060606,
237,708.703995,0.5,-0.251515151515151,0.0606060606060606,
237,809.648037,-0.5,-0.251515151515151,0.0606060606060606,
237,1008.657217,-0.5,-0.251515151515151,0.0606060606060606,
237,891.98184,0.5,-0.251515151515151,0.0606060606060606,
237,843.047142,0.5,-0.251515151515151,0.0606060606060606,
237,859.433174,-0.5,-0.251515151515151,0.0606060606060606,
237,1942.04998,-0.5,-0.251515151515151,0.0606060606060606,
237,1341.86697,0.5,-0.251515151515151,0.0606060606060606,
237,1143.951893,0.5,-0.251515151515151,0.0606060606060606,
237,826.204062,-0.5,-0.251515151515151,0.0606060606060606,
237,1093.594074,-0.5,-0.251515151515151,0.0606060606060606,
237,1225.465059,0.5,-0.251515151515151,0.0606060606060606,
237,974.958181,0.5,-0.251515151515151,0.0606060606060606,
237,1226.070166,-0.5,-0.251515151515151,0.0606060606060606,
237,927.037954,0.5,-0.251515151515151,0.0606060606060606,
238,1141.780853,-0.5,-0.251515151515151,-0.139393939393939,
238,1492.198944,0.5,-0.251515151515151,-0.139393939393939,
238,1908.135891,0.5,-0.251515151515151,-0.139393939393939,
238,790.889025,0.5,-0.251515151515151,-0.139393939393939,
238,959.030151,0.5,-0.251515151515151,-0.139393939393939,
238,758.951187,-0.5,-0.251515151515151,-0.139393939393939,
238,757.925987,0.5,-0.251515151515151,-0.139393939393939,
238,858.361959,0.5,-0.251515151515151,-0.139393939393939,
238,1210.576057,0.5,-0.251515151515151,-0.139393939393939,
238,1125.419855,-0.5,-0.251515151515151,-0.139393939393939,
238,842.618942,0.5,-0.251515151515151,-0.139393939393939,
238,874.920845,0.5,-0.251515151515151,-0.139393939393939,
238,1707.28898,-0.5,-0.251515151515151,-0.139393939393939,
238,927.170038,0.5,-0.251515151515151,-0.139393939393939,
238,658.972979,0.5,-0.251515151515151,-0.139393939393939,
238,710.973024,0.5,-0.251515151515151,-0.139393939393939,
238,975.78001,0.5,-0.251515151515151,-0.139393939393939,
238,692.638874,0.5,-0.251515151515151,-0.139393939393939,
238,1475.129843,0.5,-0.251515151515151,-0.139393939393939,
238,942.049026,-0.5,-0.251515151515151,-0.139393939393939,
238,1660.208941,-0.5,-0.251515151515151,-0.139393939393939,
238,1142.627001,-0.5,-0.251515151515151,-0.139393939393939,
238,1375.526905,0.5,-0.251515151515151,-0.139393939393939,
239,1426.24712,-0.5,-1.65151515151515,-0.939393939393939,
239,1425.208092,-0.5,-1.65151515151515,-0.939393939393939,
239,893.723011,-0.5,-1.65151515151515,-0.939393939393939,
239,992.352009,-0.5,-1.65151515151515,-0.939393939393939,
239,1576.244116,0.5,-1.65151515151515,-0.939393939393939,
239,1175.925016,-0.5,-1.65151515151515,-0.939393939393939,
239,1342.607975,0.5,-1.65151515151515,-0.939393939393939,
239,1242.817163,-0.5,-1.65151515151515,-0.939393939393939,
239,1543.512106,-0.5,-1.65151515151515,-0.939393939393939,
239,1275.705099,-0.5,-1.65151515151515,-0.939393939393939,
239,1190.493107,-0.5,-1.65151515151515,-0.939393939393939,
239,975.517035,-0.5,-1.65151515151515,-0.939393939393939,
239,1226.682901,-0.5,-1.65151515151515,-0.939393939393939,
239,1325.201988,0.5,-1.65151515151515,-0.939393939393939,
239,1674.953938,-0.5,-1.65151515151515,-0.939393939393939,
239,1160.233974,-0.5,-1.65151515151515,-0.939393939393939,
239,809.356213,-0.5,-1.65151515151515,-0.939393939393939,
239,460.456133,-0.5,-1.65151515151515,-0.939393939393939,
239,1642.292976,0.5,-1.65151515151515,-0.939393939393939,
239,1209.826946,-0.5,-1.65151515151515,-0.939393939393939,
240,677.02508,0.5,-0.0515151515151513,-1.93939393939394,
240,742.395878,-0.5,-0.0515151515151513,-1.93939393939394,
240,708.931923,-0.5,-0.0515151515151513,-1.93939393939394,
240,875.955105,-0.5,-0.0515151515151513,-1.93939393939394,
240,576.222897,0.5,-0.0515151515151513,-1.93939393939394,
240,758.995056,0.5,-0.0515151515151513,-1.93939393939394,
240,642.481089,0.5,-0.0515151515151513,-1.93939393939394,
240,575.739861,0.5,-0.0515151515151513,-1.93939393939394,
240,1108.559847,0.5,-0.0515151515151513,-1.93939393939394,
240,677.630901,0.5,-0.0515151515151513,-1.93939393939394,
240,875.238895,-0.5,-0.0515151515151513,-1.93939393939394,
240,843.409061,-0.5,-0.0515151515151513,-1.93939393939394,
240,726.268053,-0.5,-0.0515151515151513,-1.93939393939394,
240,676.438093,-0.5,-0.0515151515151513,-1.93939393939394,
240,1024.772882,0.5,-0.0515151515151513,-1.93939393939394,
240,841.898918,0.5,-0.0515151515151513,-1.93939393939394,
240,592.189074,0.5,-0.0515151515151513,-1.93939393939394,
240,674.381018,0.5,-0.0515151515151513,-1.93939393939394,
240,1075.423002,-0.5,-0.0515151515151513,-1.93939393939394,
240,1609.016895,0.5,-0.0515151515151513,-1.93939393939394,
240,860.136986,-0.5,-0.0515151515151513,-1.93939393939394,
240,1224.901915,0.5,-0.0515151515151513,-1.93939393939394,
240,892.735958,-0.5,-0.0515151515151513,-1.93939393939394,
240,1092.458963,0.5,-0.0515151515151513,-1.93939393939394,
241,1457.864046,0.5,-0.251515151515151,0.0606060606060606,
241,1475.701094,-0.5,-0.251515151515151,0.0606060606060606,
241,1625.771999,0.5,-0.251515151515151,0.0606060606060606,
241,907.547951,0.5,-0.251515151515151,0.0606060606060606,
241,1643.064976,-0.5,-0.251515151515151,0.0606060606060606,
241,1024.374008,0.5,-0.251515151515151,0.0606060606060606,
241,625.604868,0.5,-0.251515151515151,0.0606060606060606,
241,1774.448872,-0.5,-0.251515151515151,0.0606060606060606,
241,1392.390966,-0.5,-0.251515151515151,0.0606060606060606,
241,891.189098,0.5,-0.251515151515151,0.0606060606060606,
241,2025.305986,0.5,-0.251515151515151,0.0606060606060606,
241,992.795229,-0.5,-0.251515151515151,0.0606060606060606,
241,875.813007,0.5,-0.251515151515151,0.0606060606060606,
241,659.047127,0.5,-0.251515151515151,0.0606060606060606,
241,592.675209,0.5,-0.251515151515151,0.0606060606060606,
241,560.324907,-0.5,-0.251515151515151,0.0606060606060606,
241,775.811911,-0.5,-0.251515151515151,0.0606060606060606,
241,810.385942,-0.5,-0.251515151515151,0.0606060606060606,
241,706.949949,0.5,-0.251515151515151,0.0606060606060606,
241,1159.203053,-0.5,-0.251515151515151,0.0606060606060606,
241,842.944145,-0.5,-0.251515151515151,0.0606060606060606,
241,659.004927,-0.5,-0.251515151515151,0.0606060606060606,
241,761.034012,0.5,-0.251515151515151,0.0606060606060606,
241,774.775028,0.5,-0.251515151515151,0.0606060606060606,
241,909.006119,0.5,-0.251515151515151,0.0606060606060606,
241,1376.872063,-0.5,-0.251515151515151,0.0606060606060606,
241,610.297918,0.5,-0.251515151515151,0.0606060606060606,
242,675.484896,-0.5,-0.251515151515151,-0.739393939393939,
242,776.166916,-0.5,-0.251515151515151,-0.739393939393939,
242,625.599861,0.5,-0.251515151515151,-0.739393939393939,
242,725.76499,0.5,-0.251515151515151,-0.739393939393939,
242,643.125057,-0.5,-0.251515151515151,-0.739393939393939,
242,907.12285,-0.5,-0.251515151515151,-0.739393939393939,
242,1041.803837,-0.5,-0.251515151515151,-0.739393939393939,
242,742.485046,0.5,-0.251515151515151,-0.739393939393939,
242,842.161179,-0.5,-0.251515151515151,-0.739393939393939,
242,709.16605,0.5,-0.251515151515151,-0.739393939393939,
242,842.483997,-0.5,-0.251515151515151,-0.739393939393939,
242,876.848936,-0.5,-0.251515151515151,-0.739393939393939,
242,543.490171,-0.5,-0.251515151515151,-0.739393939393939,
242,708.793879,-0.5,-0.251515151515151,-0.739393939393939,
242,725.212097,0.5,-0.251515151515151,-0.739393939393939,
242,873.991966,0.5,-0.251515151515151,-0.739393939393939,
242,743.334055,0.5,-0.251515151515151,-0.739393939393939,
242,559.267998,0.5,-0.251515151515151,-0.739393939393939,
242,626.245022,-0.5,-0.251515151515151,-0.739393939393939,
242,842.216969,-0.5,-0.251515151515151,-0.739393939393939,
242,808.008194,0.5,-0.251515151515151,-0.739393939393939,
242,561.177969,0.5,-0.251515151515151,-0.739393939393939,
242,577.255011,-0.5,-0.251515151515151,-0.739393939393939,
242,561.083078,0.5,-0.251515151515151,-0.739393939393939,
242,726.997852,0.5,-0.251515151515151,-0.739393939393939,
242,825.405121,-0.5,-0.251515151515151,-0.739393939393939,
243,1376.386881,-0.5,-0.451515151515151,1.06060606060606,
243,1191.33091,-0.5,-0.451515151515151,1.06060606060606,
243,1042.107821,-0.5,-0.451515151515151,1.06060606060606,
243,744.245052,0.5,-0.451515151515151,1.06060606060606,
243,776.86286,-0.5,-0.451515151515151,1.06060606060606,
243,757.878065,0.5,-0.451515151515151,1.06060606060606,
243,1175.759077,-0.5,-0.451515151515151,1.06060606060606,
243,992.644072,-0.5,-0.451515151515151,1.06060606060606,
243,1776.055098,-0.5,-0.451515151515151,1.06060606060606,
243,1375.335932,-0.5,-0.451515151515151,1.06060606060606,
243,1610.383987,-0.5,-0.451515151515151,1.06060606060606,
243,892.129898,0.5,-0.451515151515151,1.06060606060606,
243,1058.763027,-0.5,-0.451515151515151,1.06060606060606,
243,943.207979,-0.5,-0.451515151515151,1.06060606060606,
243,926.187992,0.5,-0.451515151515151,1.06060606060606,
243,1791.61191,0.5,-0.451515151515151,1.06060606060606,
243,909.852982,0.5,-0.451515151515151,1.06060606060606,
243,1091.626167,0.5,-0.451515151515151,1.06060606060606,
243,942.178011,0.5,-0.451515151515151,1.06060606060606,
243,1543.59293,-0.5,-0.451515151515151,1.06060606060606,
243,1208.82082,0.5,-0.451515151515151,1.06060606060606,
243,758.874178,0.5,-0.451515151515151,1.06060606060606,
243,925.254107,-0.5,-0.451515151515151,1.06060606060606,
243,1043.389082,0.5,-0.451515151515151,1.06060606060606,
243,808.275938,-0.5,-0.451515151515151,1.06060606060606,
243,1159.077168,-0.5,-0.451515151515151,1.06060606060606,
243,959.751129,-0.5,-0.451515151515151,1.06060606060606,
244,676.0571,0.5,0.348484848484849,-1.73939393939394,
244,641.903162,0.5,0.348484848484849,-1.73939393939394,
244,893.240929,-0.5,0.348484848484849,-1.73939393939394,
244,759.496927,-0.5,0.348484848484849,-1.73939393939394,
244,808.790922,-0.5,0.348484848484849,-1.73939393939394,
244,692.41786,-0.5,0.348484848484849,-1.73939393939394,
244,843.120098,-0.5,0.348484848484849,-1.73939393939394,
244,1590.98196,0.5,0.348484848484849,-1.73939393939394,
244,1460.270882,0.5,0.348484848484849,-1.73939393939394,
244,758.618116,0.5,0.348484848484849,-1.73939393939394,
244,1025.079966,0.5,0.348484848484849,-1.73939393939394,
244,658.942223,0.5,0.348484848484849,-1.73939393939394,
244,659.70397,0.5,0.348484848484849,-1.73939393939394,
244,642.60602,-0.5,0.348484848484849,-1.73939393939394,
244,809.292078,-0.5,0.348484848484849,-1.73939393939394,
244,642.426014,-0.5,0.348484848484849,-1.73939393939394,
244,589.789867,0.5,0.348484848484849,-1.73939393939394,
244,709.623814,-0.5,0.348484848484849,-1.73939393939394,
244,925.903082,-0.5,0.348484848484849,-1.73939393939394,
244,1259.033918,-0.5,0.348484848484849,-1.73939393939394,
244,610.300064,-0.5,0.348484848484849,-1.73939393939394,
244,809.295893,0.5,0.348484848484849,-1.73939393939394,
244,809.233904,0.5,0.348484848484849,-1.73939393939394,
244,525.677919,-0.5,0.348484848484849,-1.73939393939394,
244,675.595045,0.5,0.348484848484849,-1.73939393939394,
244,859.207869,-0.5,0.348484848484849,-1.73939393939394,
244,892.693996,-0.5,0.348484848484849,-1.73939393939394,
244,693.454981,-0.5,0.348484848484849,-1.73939393939394,
245,792.547941,-0.5,-0.851515151515152,0.460606060606061,
245,1526.859999,-0.5,-0.851515151515152,0.460606060606061,
245,1226.74489,-0.5,-0.851515151515152,0.460606060606061,
245,691.07008,0.5,-0.851515151515152,0.460606060606061,
245,958.991051,-0.5,-0.851515151515152,0.460606060606061,
245,641.731977,0.5,-0.851515151515152,0.460606060606061,
245,593.826056,0.5,-0.851515151515152,0.460606060606061,
245,725.532055,-0.5,-0.851515151515152,0.460606060606061,
245,509.150028,-0.5,-0.851515151515152,0.460606060606061,
245,859.284878,-0.5,-0.851515151515152,0.460606060606061,
245,1175.328016,-0.5,-0.851515151515152,0.460606060606061,
245,558.722019,0.5,-0.851515151515152,0.460606060606061,
245,575.968981,0.5,-0.851515151515152,0.460606060606061,
245,959.559202,0.5,-0.851515151515152,0.460606060606061,
245,1160.884857,0.5,-0.851515151515152,0.460606060606061,
246,692.54899,0.5,0.148484848484848,0.260606060606061,
246,824.956179,0.5,0.148484848484848,0.260606060606061,
246,925.118923,0.5,0.148484848484848,0.260606060606061,
246,1191.679955,-0.5,0.148484848484848,0.260606060606061,
246,925.137043,0.5,0.148484848484848,0.260606060606061,
246,892.607212,0.5,0.148484848484848,0.260606060606061,
246,675.53401,0.5,0.148484848484848,0.260606060606061,
246,726.619005,0.5,0.148484848484848,0.260606060606061,
246,542.455196,0.5,0.148484848484848,0.260606060606061,
246,891.483068,0.5,0.148484848484848,0.260606060606061,
246,777.546883,0.5,0.148484848484848,0.260606060606061,
246,1293.519974,-0.5,0.148484848484848,0.260606060606061,
246,1276.358128,-0.5,0.148484848484848,0.260606060606061,
246,1909.022093,-0.5,0.148484848484848,0.260606060606061,
246,1075.290918,0.5,0.148484848484848,0.260606060606061,
246,908.666849,0.5,0.148484848484848,0.260606060606061,
246,742.970943,0.5,0.148484848484848,0.260606060606061,
246,1359.484196,0.5,0.148484848484848,0.260606060606061,
246,827.605963,0.5,0.148484848484848,0.260606060606061,
246,706.416845,0.5,0.148484848484848,0.260606060606061,
246,811.151981,0.5,0.148484848484848,0.260606060606061,
246,526.015043,-0.5,0.148484848484848,0.260606060606061,
246,725.599051,0.5,0.148484848484848,0.260606060606061,
246,674.997091,-0.5,0.148484848484848,0.260606060606061,
246,641.038895,0.5,0.148484848484848,0.260606060606061,
246,893.182993,-0.5,0.148484848484848,0.260606060606061,
247,1026.786089,-0.5,-0.651515151515151,-0.539393939393939,
247,1408.947945,-0.5,-0.651515151515151,-0.539393939393939,
247,1142.432928,0.5,-0.651515151515151,-0.539393939393939,
247,843.52684,-0.5,-0.651515151515151,-0.539393939393939,
247,1225.422144,0.5,-0.651515151515151,-0.539393939393939,
247,742.600918,-0.5,-0.651515151515151,-0.539393939393939,
247,1224.915981,0.5,-0.651515151515151,-0.539393939393939,
247,908.554792,-0.5,-0.651515151515151,-0.539393939393939,
247,893.026114,-0.5,-0.651515151515151,-0.539393939393939,
247,742.741108,-0.5,-0.651515151515151,-0.539393939393939,
247,1574.805021,0.5,-0.651515151515151,-0.539393939393939,
247,742.910862,-0.5,-0.651515151515151,-0.539393939393939,
247,1192.734957,-0.5,-0.651515151515151,-0.539393939393939,
247,743.552923,-0.5,-0.651515151515151,-0.539393939393939,
247,1359.450102,-0.5,-0.651515151515151,-0.539393939393939,
247,1358.419895,-0.5,-0.651515151515151,-0.539393939393939,
247,876.742125,-0.5,-0.651515151515151,-0.539393939393939,
247,943.392038,-0.5,-0.651515151515151,-0.539393939393939,
247,1125.637054,-0.5,-0.651515151515151,-0.539393939393939,
248,1059.844971,0.5,0.148484848484848,-0.139393939393939,
248,1108.947992,-0.5,0.148484848484848,-0.139393939393939,
248,610.182047,0.5,0.148484848484848,-0.139393939393939,
248,658.771038,0.5,0.148484848484848,-0.139393939393939,
248,592.429876,0.5,0.148484848484848,-0.139393939393939,
248,624.958992,0.5,0.148484848484848,-0.139393939393939,
248,959.527016,0.5,0.148484848484848,-0.139393939393939,
248,692.213058,0.5,0.148484848484848,-0.139393939393939,
248,1275.876999,-0.5,0.148484848484848,-0.139393939393939,
248,1159.176826,-0.5,0.148484848484848,-0.139393939393939,
248,1275.470972,-0.5,0.148484848484848,-0.139393939393939,
248,926.987171,-0.5,0.148484848484848,-0.139393939393939,
248,691.054106,0.5,0.148484848484848,-0.139393939393939,
248,708.622932,0.5,0.148484848484848,-0.139393939393939,
248,677.762985,0.5,0.148484848484848,-0.139393939393939,
248,1058.495998,0.5,0.148484848484848,-0.139393939393939,
248,692.696095,0.5,0.148484848484848,-0.139393939393939,
248,858.542919,0.5,0.148484848484848,-0.139393939393939,
249,877.67601,0.5,0.548484848484849,0.660606060606061,
249,692.521095,0.5,0.548484848484849,0.660606060606061,
249,1044.242144,0.5,0.548484848484849,0.660606060606061,
249,859.304905,-0.5,0.548484848484849,0.660606060606061,
249,1125.99802,0.5,0.548484848484849,0.660606060606061,
249,941.990137,0.5,0.548484848484849,0.660606060606061,
249,1009.643078,0.5,0.548484848484849,0.660606060606061,
249,742.453098,-0.5,0.548484848484849,0.660606060606061,
249,708.623171,-0.5,0.548484848484849,0.660606060606061,
249,609.050989,0.5,0.548484848484849,0.660606060606061,
249,675.50683,0.5,0.548484848484849,0.660606060606061,
249,792.82403,0.5,0.548484848484849,0.660606060606061,
249,741.167068,0.5,0.548484848484849,0.660606060606061,
249,657.813072,0.5,0.548484848484849,0.660606060606061,
249,1059.166908,-0.5,0.548484848484849,0.660606060606061,
249,776.870012,-0.5,0.548484848484849,0.660606060606061,
249,991.839886,-0.5,0.548484848484849,0.660606060606061,
249,910.370111,-0.5,0.548484848484849,0.660606060606061,
249,841.621876,0.5,0.548484848484849,0.660606060606061,
249,710.018158,0.5,0.548484848484849,0.660606060606061,
249,1025.995016,-0.5,0.548484848484849,0.660606060606061,
249,909.032106,0.5,0.548484848484849,0.660606060606061,
249,844.241142,0.5,0.548484848484849,0.660606060606061,
250,1293.916941,0.5,0.148484848484848,0.260606060606061,
250,725.070953,0.5,0.148484848484848,0.260606060606061,
250,724.475861,0.5,0.148484848484848,0.260606060606061,
250,1258.541107,0.5,0.148484848484848,0.260606060606061,
250,926.553011,0.5,0.148484848484848,0.260606060606061,
250,811.035872,0.5,0.148484848484848,0.260606060606061,
250,841.67099,0.5,0.148484848484848,0.260606060606061,
250,958.87208,0.5,0.148484848484848,0.260606060606061,
250,1127.465963,0.5,0.148484848484848,0.260606060606061,
250,1822.918177,0.5,0.148484848484848,0.260606060606061,
250,1042.468071,0.5,0.148484848484848,0.260606060606061,
250,1491.636992,0.5,0.148484848484848,0.260606060606061,
250,1075.891972,0.5,0.148484848484848,0.260606060606061,
251,1158.84304,0.5,0.548484848484849,-0.339393939393939,
251,1276.234865,0.5,0.548484848484849,-0.339393939393939,
251,1809.002161,-0.5,0.548484848484849,-0.339393939393939,
251,1125.178099,0.5,0.548484848484849,-0.339393939393939,
251,1410.907984,0.5,0.548484848484849,-0.339393939393939,
251,1425.017118,-0.5,0.548484848484849,-0.339393939393939,
251,825.688124,0.5,0.548484848484849,-0.339393939393939,
251,1023.89884,0.5,0.548484848484849,-0.339393939393939,
251,1442.131996,-0.5,0.548484848484849,-0.339393939393939,
251,1493.244171,0.5,0.548484848484849,-0.339393939393939,
251,810.169935,0.5,0.548484848484849,-0.339393939393939,
251,1126.982212,-0.5,0.548484848484849,-0.339393939393939,
251,1674.952984,0.5,0.548484848484849,-0.339393939393939,
251,1642.168045,0.5,0.548484848484849,-0.339393939393939,
251,1094.266891,0.5,0.548484848484849,-0.339393939393939,
251,1941.614866,0.5,0.548484848484849,-0.339393939393939,
251,1791.554928,0.5,0.548484848484849,-0.339393939393939,
251,1743.469,-0.5,0.548484848484849,-0.339393939393939,
252,1059.606075,-0.5,0.148484848484848,0.0606060606060606,
252,774.512053,0.5,0.148484848484848,0.0606060606060606,
252,809.617996,-0.5,0.148484848484848,0.0606060606060606,
252,694.182873,0.5,0.148484848484848,0.0606060606060606,
252,975.907087,-0.5,0.148484848484848,0.0606060606060606,
252,743.587017,0.5,0.148484848484848,0.0606060606060606,
252,1026.39699,-0.5,0.148484848484848,0.0606060606060606,
252,859.920979,-0.5,0.148484848484848,0.0606060606060606,
252,859.213114,-0.5,0.148484848484848,0.0606060606060606,
252,1192.746878,0.5,0.148484848484848,0.0606060606060606,
252,608.966112,0.5,0.148484848484848,0.0606060606060606,
252,942.038774,-0.5,0.148484848484848,0.0606060606060606,
252,908.196926,-0.5,0.148484848484848,0.0606060606060606,
252,1175.793886,-0.5,0.148484848484848,0.0606060606060606,
252,708.981037,0.5,0.148484848484848,0.0606060606060606,
252,857.938051,0.5,0.148484848484848,0.0606060606060606,
252,658.746958,0.5,0.148484848484848,0.0606060606060606,
252,976.181984,-0.5,0.148484848484848,0.0606060606060606,
252,592.570066,0.5,0.148484848484848,0.0606060606060606,
252,690.423965,0.5,0.148484848484848,0.0606060606060606,
252,960.954905,0.5,0.148484848484848,0.0606060606060606,
252,975.307941,-0.5,0.148484848484848,0.0606060606060606,
252,760.292053,-0.5,0.148484848484848,0.0606060606060606,
252,942.528963,-0.5,0.148484848484848,0.0606060606060606,
252,710.186958,-0.5,0.148484848484848,0.0606060606060606,
254,944.45014,0.5,-0.251515151515151,0.86060606060606,
254,1322.726011,-0.5,-0.251515151515151,0.86060606060606,
254,1893.043041,-0.5,-0.251515151515151,0.86060606060606,
254,1409.821987,0.5,-0.251515151515151,0.86060606060606,
254,1025.832891,-0.5,-0.251515151515151,0.86060606060606,
254,925.573111,0.5,-0.251515151515151,0.86060606060606,
254,1209.582806,-0.5,-0.251515151515151,0.86060606060606,
254,958.846092,0.5,-0.251515151515151,0.86060606060606,
254,1725.839138,-0.5,-0.251515151515151,0.86060606060606,
254,1675.406933,-0.5,-0.251515151515151,0.86060606060606,
254,975.553989,0.5,-0.251515151515151,0.86060606060606,
254,1075.246096,0.5,-0.251515151515151,0.86060606060606,
254,876.398087,-0.5,-0.251515151515151,0.86060606060606,
254,1859.66301,0.5,-0.251515151515151,0.86060606060606,
254,974.869013,0.5,-0.251515151515151,0.86060606060606,
254,842.023134,0.5,-0.251515151515151,0.86060606060606,
254,841.671944,0.5,-0.251515151515151,0.86060606060606,
254,1410.218,-0.5,-0.251515151515151,0.86060606060606,
254,874.444008,0.5,-0.251515151515151,0.86060606060606,
254,1092.732906,-0.5,-0.251515151515151,0.86060606060606,
254,1842.530012,0.5,-0.251515151515151,0.86060606060606,
254,1159.710884,-0.5,-0.251515151515151,0.86060606060606,
254,842.712879,0.5,-0.251515151515151,0.86060606060606,
254,858.556032,0.5,-0.251515151515151,0.86060606060606,
255,1260.071039,-0.5,0.948484848484848,0.260606060606061,
255,759.384871,0.5,0.948484848484848,0.260606060606061,
255,842.190981,0.5,0.948484848484848,0.260606060606061,
255,1026.291847,-0.5,0.948484848484848,0.260606060606061,
255,1743.417978,-0.5,0.948484848484848,0.260606060606061,
255,892.045021,0.5,0.948484848484848,0.260606060606061,
255,724.774837,0.5,0.948484848484848,0.260606060606061,
255,975.834846,-0.5,0.948484848484848,0.260606060606061,
255,627.264977,0.5,0.948484848484848,0.260606060606061,
255,1825.495005,-0.5,0.948484848484848,0.260606060606061,
255,593.46199,0.5,0.948484848484848,0.260606060606061,
255,1208.940029,0.5,0.948484848484848,0.260606060606061,
255,1207.689047,0.5,0.948484848484848,0.260606060606061,
255,790.499926,0.5,0.948484848484848,0.260606060606061,
255,1176.132917,0.5,0.948484848484848,0.260606060606061,
255,659.039974,0.5,0.948484848484848,0.260606060606061,
255,542.409182,0.5,0.948484848484848,0.260606060606061,
255,807.790041,0.5,0.948484848484848,0.260606060606061,
255,876.309156,0.5,0.948484848484848,0.260606060606061,
256,659.432173,0.5,0.548484848484849,-0.739393939393939,
256,793.495178,0.5,0.548484848484849,-0.739393939393939,
256,1009.78899,-0.5,0.548484848484849,-0.739393939393939,
256,775.862932,0.5,0.548484848484849,-0.739393939393939,
256,1259.055853,0.5,0.548484848484849,-0.739393939393939,
256,808.010101,0.5,0.548484848484849,-0.739393939393939,
256,840.504885,0.5,0.548484848484849,-0.739393939393939,
256,876.854897,-0.5,0.548484848484849,-0.739393939393939,
256,993.21413,-0.5,0.548484848484849,-0.739393939393939,
256,909.173012,-0.5,0.548484848484849,-0.739393939393939,
256,893.201828,0.5,0.548484848484849,-0.739393939393939,
256,708.730936,0.5,0.548484848484849,-0.739393939393939,
256,872.931004,0.5,0.548484848484849,-0.739393939393939,
256,1009.063005,0.5,0.548484848484849,-0.739393939393939,
256,991.991043,-0.5,0.548484848484849,-0.739393939393939,
256,709.443092,0.5,0.548484848484849,-0.739393939393939,
256,708.818197,0.5,0.548484848484849,-0.739393939393939,
256,725.398779,0.5,0.548484848484849,-0.739393939393939,
256,1208.784103,-0.5,0.548484848484849,-0.739393939393939,
256,1027.529955,0.5,0.548484848484849,-0.739393939393939,
257,858.803988,0.5,0.348484848484849,0.660606060606061,
257,643.848181,0.5,0.348484848484849,0.660606060606061,
257,642.277002,0.5,0.348484848484849,0.660606060606061,
257,726.861,0.5,0.348484848484849,0.660606060606061,
257,925.447226,0.5,0.348484848484849,0.660606060606061,
257,758.90708,0.5,0.348484848484849,0.660606060606061,
257,1124.917984,0.5,0.348484848484849,0.660606060606061,
257,727.619171,0.5,0.348484848484849,0.660606060606061,
257,975.48604,0.5,0.348484848484849,0.660606060606061,
257,806.639194,0.5,0.348484848484849,0.660606060606061,
257,1458.301067,0.5,0.348484848484849,0.660606060606061,
257,1008.458853,0.5,0.348484848484849,0.660606060606061,
257,859.364986,0.5,0.348484848484849,0.660606060606061,
257,842.777014,0.5,0.348484848484849,0.660606060606061,
257,758.933067,0.5,0.348484848484849,0.660606060606061,
262,1009.572029,-0.5,-0.0515151515151513,0.0606060606060606,
262,1343.508005,0.5,-0.0515151515151513,0.0606060606060606,
262,1241.976976,0.5,-0.0515151515151513,0.0606060606060606,
262,1209.577084,0.5,-0.0515151515151513,0.0606060606060606,
262,1175.773859,-0.5,-0.0515151515151513,0.0606060606060606,
262,1076.170921,0.5,-0.0515151515151513,0.0606060606060606,
262,1143.078089,-0.5,-0.0515151515151513,0.0606060606060606,
262,991.991043,-0.5,-0.0515151515151513,0.0606060606060606,
262,1175.487041,0.5,-0.0515151515151513,0.0606060606060606,
262,1059.173107,0.5,-0.0515151515151513,0.0606060606060606,
262,1977.380991,0.5,-0.0515151515151513,0.0606060606060606,
262,1326.150894,-0.5,-0.0515151515151513,0.0606060606060606,
262,743.950129,0.5,-0.0515151515151513,0.0606060606060606,
262,1325.790882,0.5,-0.0515151515151513,0.0606060606060606,
262,1826.076031,0.5,-0.0515151515151513,0.0606060606060606,
262,1059.319019,-0.5,-0.0515151515151513,0.0606060606060606,
262,1725.461006,-0.5,-0.0515151515151513,0.0606060606060606,
262,760.96487,0.5,-0.0515151515151513,0.0606060606060606,
262,1276.892185,-0.5,-0.0515151515151513,0.0606060606060606,
262,1223.380089,0.5,-0.0515151515151513,0.0606060606060606,
262,992.029905,0.5,-0.0515151515151513,0.0606060606060606,
262,1525.89798,0.5,-0.0515151515151513,0.0606060606060606,
262,941.618919,0.5,-0.0515151515151513,0.0606060606060606,
262,774.130106,0.5,-0.0515151515151513,0.0606060606060606,
263,1077.588797,0.5,0.548484848484849,0.86060606060606,
263,1258.885145,0.5,0.548484848484849,0.86060606060606,
263,1109.422922,0.5,0.548484848484849,0.86060606060606,
263,1892.172098,-0.5,0.548484848484849,0.86060606060606,
263,891.666889,0.5,0.548484848484849,0.86060606060606,
263,910.69603,0.5,0.548484848484849,0.86060606060606,
263,891.425133,0.5,0.548484848484849,0.86060606060606,
263,994.296074,0.5,0.548484848484849,0.86060606060606,
263,1758.785963,-0.5,0.548484848484849,0.86060606060606,
263,909.325123,0.5,0.548484848484849,0.86060606060606,
263,875.495911,0.5,0.548484848484849,0.86060606060606,
263,909.306049,0.5,0.548484848484849,0.86060606060606,
263,1024.76716,0.5,0.548484848484849,0.86060606060606,
264,592.730045,-0.5,-0.0515151515151513,0.260606060606061,
264,1008.87394,-0.5,-0.0515151515151513,0.260606060606061,
264,893.812895,-0.5,-0.0515151515151513,0.260606060606061,
264,859.354019,-0.5,-0.0515151515151513,0.260606060606061,
264,609.158039,-0.5,-0.0515151515151513,0.260606060606061,
264,724.634886,0.5,-0.0515151515151513,0.260606060606061,
264,657.810926,0.5,-0.0515151515151513,0.260606060606061,
264,441.914082,0.5,-0.0515151515151513,0.260606060606061,
264,526.06988,0.5,-0.0515151515151513,0.260606060606061,
264,775.901794,0.5,-0.0515151515151513,0.260606060606061,
264,958.863974,0.5,-0.0515151515151513,0.260606060606061,
264,658.653975,-0.5,-0.0515151515151513,0.260606060606061,
264,859.228849,0.5,-0.0515151515151513,0.260606060606061,
264,843.224049,-0.5,-0.0515151515151513,0.260606060606061,
264,791.820049,0.5,-0.0515151515151513,0.260606060606061,
264,610.26001,0.5,-0.0515151515151513,0.260606060606061,
264,608.47187,0.5,-0.0515151515151513,0.260606060606061,
264,544.478178,0.5,-0.0515151515151513,0.260606060606061,
264,775.649786,-0.5,-0.0515151515151513,0.260606060606061,
264,1059.221029,-0.5,-0.0515151515151513,0.260606060606061,
264,609.274149,-0.5,-0.0515151515151513,0.260606060606061,
264,742.66696,0.5,-0.0515151515151513,0.260606060606061,
264,643.610954,-0.5,-0.0515151515151513,0.260606060606061,
264,841.994047,0.5,-0.0515151515151513,0.260606060606061,
265,1275.743961,-0.5,-0.251515151515151,0.460606060606061,
265,892.225981,0.5,-0.251515151515151,0.460606060606061,
265,1025.655985,0.5,-0.251515151515151,0.460606060606061,
265,844.186068,0.5,-0.251515151515151,0.460606060606061,
265,1192.903996,0.5,-0.251515151515151,0.460606060606061,
265,874.825001,0.5,-0.251515151515151,0.460606060606061,
265,1525.063992,-0.5,-0.251515151515151,0.460606060606061,
265,860.140085,-0.5,-0.251515151515151,0.460606060606061,
265,1225.56901,-0.5,-0.251515151515151,0.460606060606061,
265,927.636862,0.5,-0.251515151515151,0.460606060606061,
265,942.658901,0.5,-0.251515151515151,0.460606060606061,
265,1242.245913,-0.5,-0.251515151515151,0.460606060606061,
265,1076.107979,0.5,-0.251515151515151,0.460606060606061,
265,940.79113,0.5,-0.251515151515151,0.460606060606061,
265,860.415936,0.5,-0.251515151515151,0.460606060606061,
265,2043.451071,0.5,-0.251515151515151,0.460606060606061,
265,1007.808208,0.5,-0.251515151515151,0.460606060606061,
265,1875.00596,0.5,-0.251515151515151,0.460606060606061,
265,1708.744049,-0.5,-0.251515151515151,0.460606060606061,
265,1675.076008,0.5,-0.251515151515151,0.460606060606061,
265,1526.558876,-0.5,-0.251515151515151,0.460606060606061,
265,1025.385857,0.5,-0.251515151515151,0.460606060606061,
265,1408.962011,-0.5,-0.251515151515151,0.460606060606061,
265,1076.63703,-0.5,-0.251515151515151,0.460606060606061,
266,693.71295,-0.5,0.148484848484848,-2.13939393939394,
266,1524.801016,0.5,0.148484848484848,-2.13939393939394,
266,909.471035,0.5,0.148484848484848,-2.13939393939394,
266,809.583902,0.5,0.148484848484848,-2.13939393939394,
266,1524.991035,-0.5,0.148484848484848,-2.13939393939394,
266,641.591787,0.5,0.148484848484848,-2.13939393939394,
266,725.004196,0.5,0.148484848484848,-2.13939393939394,
266,793.545961,0.5,0.148484848484848,-2.13939393939394,
266,1260.067225,-0.5,0.148484848484848,-2.13939393939394,
266,792.025089,0.5,0.148484848484848,-2.13939393939394,
266,1091.114044,0.5,0.148484848484848,-2.13939393939394,
266,1275.98691,-0.5,0.148484848484848,-2.13939393939394,
266,825.480938,0.5,0.148484848484848,-2.13939393939394,
266,1142.111063,-0.5,0.148484848484848,-2.13939393939394,
266,1309.14402,-0.5,0.148484848484848,-2.13939393939394,
266,1175.606966,0.5,0.148484848484848,-2.13939393939394,
266,1159.254074,-0.5,0.148484848484848,-2.13939393939394,
266,1160.09903,-0.5,0.148484848484848,-2.13939393939394,
266,658.95009,0.5,0.148484848484848,-2.13939393939394,
266,822.85285,0.5,0.148484848484848,-2.13939393939394,
266,792.495012,0.5,0.148484848484848,-2.13939393939394,
266,626.139879,0.5,0.148484848484848,-2.13939393939394,
266,2059.100151,-0.5,0.148484848484848,-2.13939393939394,
266,692.013025,-0.5,0.148484848484848,-2.13939393939394,
266,694.4139,0.5,0.148484848484848,-2.13939393939394,
266,1542.183876,-0.5,0.148484848484848,-2.13939393939394,
267,658.851147,0.5,-0.0515151515151513,0.460606060606061,
267,1609.773159,-0.5,-0.0515151515151513,0.460606060606061,
267,1141.860962,-0.5,-0.0515151515151513,0.460606060606061,
267,642.637968,0.5,-0.0515151515151513,0.460606060606061,
267,1043.730021,0.5,-0.0515151515151513,0.460606060606061,
267,941.822052,0.5,-0.0515151515151513,0.460606060606061,
267,657.591105,0.5,-0.0515151515151513,0.460606060606061,
267,574.229002,0.5,-0.0515151515151513,0.460606060606061,
267,959.78117,-0.5,-0.0515151515151513,0.460606060606061,
267,1326.651096,0.5,-0.0515151515151513,0.460606060606061,
267,1159.132004,-0.5,-0.0515151515151513,0.460606060606061,
267,1175.424814,0.5,-0.0515151515151513,0.460606060606061,
267,675.544977,0.5,-0.0515151515151513,0.460606060606061,
267,744.402885,0.5,-0.0515151515151513,0.460606060606061,
267,726.135015,0.5,-0.0515151515151513,0.460606060606061,
267,841.769934,0.5,-0.0515151515151513,0.460606060606061,
267,610.903025,0.5,-0.0515151515151513,0.460606060606061,
267,756.821871,0.5,-0.0515151515151513,0.460606060606061,
267,775.066853,0.5,-0.0515151515151513,0.460606060606061,
267,944.292068,0.5,-0.0515151515151513,0.460606060606061,
267,641.620159,0.5,-0.0515151515151513,0.460606060606061,
267,675.787926,0.5,-0.0515151515151513,0.460606060606061,
267,726.270914,0.5,-0.0515151515151513,0.460606060606061,
268,839.473009,0.5,0.548484848484849,-0.139393939393939,
268,675.753832,0.5,0.548484848484849,-0.139393939393939,
268,592.294931,0.5,0.548484848484849,-0.139393939393939,
268,544.356108,0.5,0.548484848484849,-0.139393939393939,
268,791.666985,0.5,0.548484848484849,-0.139393939393939,
268,1010.953903,0.5,0.548484848484849,-0.139393939393939,
268,858.841896,-0.5,0.548484848484849,-0.139393939393939,
268,510.25486,-0.5,0.548484848484849,-0.139393939393939,
268,726.778984,0.5,0.548484848484849,-0.139393939393939,
268,742.722988,0.5,0.548484848484849,-0.139393939393939,
268,592.767,0.5,0.548484848484849,-0.139393939393939,
268,542.765856,0.5,0.548484848484849,-0.139393939393939,
268,760.202885,-0.5,0.548484848484849,-0.139393939393939,
268,510.923862,0.5,0.548484848484849,-0.139393939393939,
268,775.562048,0.5,0.548484848484849,-0.139393939393939,
268,608.593225,0.5,0.548484848484849,-0.139393939393939,
268,657.685995,0.5,0.548484848484849,-0.139393939393939,
268,625.379086,0.5,0.548484848484849,-0.139393939393939,
268,825.901985,-0.5,0.548484848484849,-0.139393939393939,
268,1075.994015,0.5,0.548484848484849,-0.139393939393939,
268,958.980083,-0.5,0.548484848484849,-0.139393939393939,
268,825.649977,0.5,0.548484848484849,-0.139393939393939,
269,859.182119,0.5,0.748484848484849,0.0606060606060606,
269,1343.116045,-0.5,0.748484848484849,0.0606060606060606,
269,1008.942842,0.5,0.748484848484849,0.0606060606060606,
269,958.633184,0.5,0.748484848484849,0.0606060606060606,
269,991.930008,0.5,0.748484848484849,0.0606060606060606,
269,858.871937,-0.5,0.748484848484849,0.0606060606060606,
269,827.505112,0.5,0.748484848484849,0.0606060606060606,
269,1311.006069,0.5,0.748484848484849,0.0606060606060606,
269,941.144943,0.5,0.748484848484849,0.0606060606060606,
269,775.11692,0.5,0.748484848484849,0.0606060606060606,
269,827.781916,0.5,0.748484848484849,0.0606060606060606,
269,825.749874,0.5,0.748484848484849,0.0606060606060606,
269,809.180975,0.5,0.748484848484849,0.0606060606060606,
269,893.625975,0.5,0.748484848484849,0.0606060606060606,
269,1008.131981,-0.5,0.748484848484849,0.0606060606060606,
269,1272.507906,0.5,0.748484848484849,0.0606060606060606,
269,875.061989,0.5,0.748484848484849,0.0606060606060606,
269,1308.85601,-0.5,0.748484848484849,0.0606060606060606,
269,1259.517908,-0.5,0.748484848484849,0.0606060606060606,
269,859.004021,0.5,0.748484848484849,0.0606060606060606,
270,1125.504017,0.5,-0.0515151515151513,0.460606060606061,
270,1007.87878,0.5,-0.0515151515151513,0.460606060606061,
270,1059.496164,-0.5,-0.0515151515151513,0.460606060606061,
270,1192.696095,-0.5,-0.0515151515151513,0.460606060606061,
270,1261.153936,0.5,-0.0515151515151513,0.460606060606061,
270,1174.166918,0.5,-0.0515151515151513,0.460606060606061,
270,1042.151928,-0.5,-0.0515151515151513,0.460606060606061,
270,1092.289209,-0.5,-0.0515151515151513,0.460606060606061,
270,1042.834044,-0.5,-0.0515151515151513,0.460606060606061,
270,958.788872,-0.5,-0.0515151515151513,0.460606060606061,
270,1075.798035,-0.5,-0.0515151515151513,0.460606060606061,
270,1092.020988,0.5,-0.0515151515151513,0.460606060606061,
270,1109.955072,-0.5,-0.0515151515151513,0.460606060606061,
270,759.078026,-0.5,-0.0515151515151513,0.460606060606061,
270,908.753872,-0.5,-0.0515151515151513,0.460606060606061,
270,1525.854826,0.5,-0.0515151515151513,0.460606060606061,
270,1010.255098,-0.5,-0.0515151515151513,0.460606060606061,
271,1392.173052,0.5,-0.0515151515151513,-1.13939393939394,
271,1541.496038,0.5,-0.0515151515151513,-1.13939393939394,
271,1493.391991,-0.5,-0.0515151515151513,-1.13939393939394,
271,808.969021,-0.5,-0.0515151515151513,-1.13939393939394,
271,809.453011,0.5,-0.0515151515151513,-1.13939393939394,
271,1042.538881,0.5,-0.0515151515151513,-1.13939393939394,
271,1591.416836,0.5,-0.0515151515151513,-1.13939393939394,
271,925.763845,0.5,-0.0515151515151513,-1.13939393939394,
271,1011.100054,0.5,-0.0515151515151513,-1.13939393939394,
271,1093.427897,-0.5,-0.0515151515151513,-1.13939393939394,
271,1808.422804,-0.5,-0.0515151515151513,-1.13939393939394,
271,1109.434128,0.5,-0.0515151515151513,-1.13939393939394,
271,974.416971,-0.5,-0.0515151515151513,-1.13939393939394,
271,975.776196,0.5,-0.0515151515151513,-1.13939393939394,
271,1026.87788,-0.5,-0.0515151515151513,-1.13939393939394,
271,942.528963,-0.5,-0.0515151515151513,-1.13939393939394,
271,975.448132,-0.5,-0.0515151515151513,-1.13939393939394,
271,926.273823,0.5,-0.0515151515151513,-1.13939393939394,
271,1007.126093,0.5,-0.0515151515151513,-1.13939393939394,
271,1009.612083,-0.5,-0.0515151515151513,-1.13939393939394,
271,1160.970926,0.5,-0.0515151515151513,-1.13939393939394,
271,1492.621899,-0.5,-0.0515151515151513,-1.13939393939394,
271,1241.042137,0.5,-0.0515151515151513,-1.13939393939394,
271,1792.118073,-0.5,-0.0515151515151513,-1.13939393939394,
271,1141.850948,-0.5,-0.0515151515151513,-1.13939393939394,
271,858.705997,0.5,-0.0515151515151513,-1.13939393939394,
271,959.717035,-0.5,-0.0515151515151513,-1.13939393939394,
271,1042.819023,-0.5,-0.0515151515151513,-1.13939393939394,
272,708.923101,0.5,-0.251515151515151,0.460606060606061,
272,825.574875,0.5,-0.251515151515151,0.460606060606061,
272,543.743134,0.5,-0.251515151515151,0.460606060606061,
272,708.749056,0.5,-0.251515151515151,0.460606060606061,
272,608.281136,0.5,-0.251515151515151,0.460606060606061,
272,726.006031,0.5,-0.251515151515151,0.460606060606061,
272,607.300997,0.5,-0.251515151515151,0.460606060606061,
273,809.287071,0.5,-0.0515151515151513,0.660606060606061,
273,994.343996,0.5,-0.0515151515151513,0.660606060606061,
273,1392.324924,0.5,-0.0515151515151513,0.660606060606061,
273,1492.742062,-0.5,-0.0515151515151513,0.660606060606061,
273,1459.146023,0.5,-0.0515151515151513,0.660606060606061,
273,1508.249044,0.5,-0.0515151515151513,0.660606060606061,
273,826.525211,0.5,-0.0515151515151513,0.660606060606061,
273,1542.859793,-0.5,-0.0515151515151513,0.660606060606061,
273,842.287064,0.5,-0.0515151515151513,0.660606060606061,
273,925.30489,0.5,-0.0515151515151513,0.660606060606061,
273,977.560043,0.5,-0.0515151515151513,0.660606060606061,
273,690.052986,0.5,-0.0515151515151513,0.660606060606061,
273,877.178907,0.5,-0.0515151515151513,0.660606060606061,
273,907.830954,0.5,-0.0515151515151513,0.660606060606061,
273,909.049988,0.5,-0.0515151515151513,0.660606060606061,
273,1408.359051,0.5,-0.0515151515151513,0.660606060606061,
273,760.725975,0.5,-0.0515151515151513,0.660606060606061,
273,1209.159136,-0.5,-0.0515151515151513,0.660606060606061,
273,808.72798,0.5,-0.0515151515151513,0.660606060606061,
273,1126.377106,0.5,-0.0515151515151513,0.660606060606061,
274,1325.89221,-0.5,-0.251515151515151,0.0606060606060606,
274,943.600893,-0.5,-0.251515151515151,0.0606060606060606,
274,642.559052,0.5,-0.251515151515151,0.0606060606060606,
274,1193.093061,0.5,-0.251515151515151,0.0606060606060606,
274,759.603024,0.5,-0.251515151515151,0.0606060606060606,
274,942.787886,-0.5,-0.251515151515151,0.0606060606060606,
274,809.099913,-0.5,-0.251515151515151,0.0606060606060606,
274,825.860023,-0.5,-0.251515151515151,0.0606060606060606,
274,943.511009,-0.5,-0.251515151515151,0.0606060606060606,
274,909.039974,-0.5,-0.251515151515151,0.0606060606060606,
274,1457.686901,0.5,-0.251515151515151,0.0606060606060606,
274,1010.288954,-0.5,-0.251515151515151,0.0606060606060606,
274,1010.347128,-0.5,-0.251515151515151,0.0606060606060606,
274,775.700092,0.5,-0.251515151515151,0.0606060606060606,
274,907.855988,0.5,-0.251515151515151,0.0606060606060606,
274,1327.620029,0.5,-0.251515151515151,0.0606060606060606,
274,1642.09199,-0.5,-0.251515151515151,0.0606060606060606,
274,1909.126997,-0.5,-0.251515151515151,0.0606060606060606,
274,1009.670019,-0.5,-0.251515151515151,0.0606060606060606,
274,910.011768,0.5,-0.251515151515151,0.0606060606060606,
274,1176.90897,0.5,-0.251515151515151,0.0606060606060606,
301,1243.593931,-0.5,0.148484848484848,1.06060606060606,
301,1075.486183,-0.5,0.148484848484848,1.06060606060606,
301,857.077837,-0.5,0.148484848484848,1.06060606060606,
301,1075.43397,-0.5,0.148484848484848,1.06060606060606,
301,1292.798042,0.5,0.148484848484848,1.06060606060606,
301,908.082962,0.5,0.148484848484848,1.06060606060606,
301,759.91416,0.5,0.148484848484848,1.06060606060606,
301,858.853817,-0.5,0.148484848484848,1.06060606060606,
301,1576.261997,0.5,0.148484848484848,1.06060606060606,
301,1109.019041,-0.5,0.148484848484848,1.06060606060606,
301,792.713881,0.5,0.148484848484848,1.06060606060606,
301,708.831072,0.5,0.148484848484848,1.06060606060606,
301,1209.009886,0.5,0.148484848484848,1.06060606060606,
301,858.462095,0.5,0.148484848484848,1.06060606060606,
301,625.449181,0.5,0.148484848484848,1.06060606060606,
301,926.384926,-0.5,0.148484848484848,1.06060606060606,
301,857.606888,0.5,0.148484848484848,1.06060606060606,
301,925.531149,0.5,0.148484848484848,1.06060606060606,
301,824.905157,0.5,0.148484848484848,1.06060606060606,
301,993.746042,0.5,0.148484848484848,1.06060606060606,
301,710.117102,0.5,0.148484848484848,1.06060606060606,
301,958.760023,0.5,0.148484848484848,1.06060606060606,
301,859.172821,0.5,0.148484848484848,1.06060606060606,
301,694.355965,0.5,0.148484848484848,1.06060606060606,
301,1359.594107,-0.5,0.148484848484848,1.06060606060606,
301,994.293928,0.5,0.148484848484848,1.06060606060606,
301,1010.200024,-0.5,0.148484848484848,1.06060606060606,
301,741.917133,0.5,0.148484848484848,1.06060606060606,
302,1158.375978,-0.5,0.148484848484848,0.660606060606061,
302,661.079884,0.5,0.148484848484848,0.660606060606061,
302,1009.87792,0.5,0.148484848484848,0.660606060606061,
302,742.558002,-0.5,0.148484848484848,0.660606060606061,
302,1342.019081,-0.5,0.148484848484848,0.660606060606061,
302,709.079027,0.5,0.148484848484848,0.660606060606061,
302,1175.8039,-0.5,0.148484848484848,0.660606060606061,
302,1710.877895,0.5,0.148484848484848,0.660606060606061,
302,1941.978931,-0.5,0.148484848484848,0.660606060606061,
302,792.037964,0.5,0.148484848484848,0.660606060606061,
302,892.144918,0.5,0.148484848484848,0.660606060606061,
302,1425.414085,-0.5,0.148484848484848,0.660606060606061,
302,1025.969982,-0.5,0.148484848484848,0.660606060606061,
302,1110.090971,-0.5,0.148484848484848,0.660606060606061,
302,975.685835,-0.5,0.148484848484848,0.660606060606061,
302,1572.9599,0.5,0.148484848484848,0.660606060606061,
302,1092.806101,-0.5,0.148484848484848,0.660606060606061,
302,860.164165,-0.5,0.148484848484848,0.660606060606061,
302,1224.900961,0.5,0.148484848484848,0.660606060606061,
302,1309.990883,-0.5,0.148484848484848,0.660606060606061,
302,792.583942,0.5,0.148484848484848,0.660606060606061,
302,875.169992,0.5,0.148484848484848,0.660606060606061,
302,792.320013,0.5,0.148484848484848,0.660606060606061,
302,1042.845011,-0.5,0.148484848484848,0.660606060606061,
302,1075.208902,0.5,0.148484848484848,0.660606060606061,
302,1060.52494,-0.5,0.148484848484848,0.660606060606061,
302,758.313894,0.5,0.148484848484848,0.660606060606061,
303,825.211048,0.5,0.148484848484848,-0.139393939393939,
303,793.403149,0.5,0.148484848484848,-0.139393939393939,
303,977.759123,0.5,0.148484848484848,-0.139393939393939,
303,1275.164127,0.5,0.148484848484848,-0.139393939393939,
303,1008.418083,0.5,0.148484848484848,-0.139393939393939,
303,594.347954,0.5,0.148484848484848,-0.139393939393939,
303,725.860119,0.5,0.148484848484848,-0.139393939393939,
303,875.780106,0.5,0.148484848484848,-0.139393939393939,
303,807.809114,0.5,0.148484848484848,-0.139393939393939,
303,757.468939,0.5,0.148484848484848,-0.139393939393939,
303,1626.744986,-0.5,0.148484848484848,-0.139393939393939,
303,758.91304,0.5,0.148484848484848,-0.139393939393939,
303,1192.326069,0.5,0.148484848484848,-0.139393939393939,
303,758.583069,0.5,0.148484848484848,-0.139393939393939,
303,1126.09601,0.5,0.148484848484848,-0.139393939393939,
303,760.8881,0.5,0.148484848484848,-0.139393939393939,
303,1109.583139,0.5,0.148484848484848,-0.139393939393939,
303,724.956989,0.5,0.148484848484848,-0.139393939393939,
303,758.905888,0.5,0.148484848484848,-0.139393939393939,
303,1360.101938,-0.5,0.148484848484848,-0.139393939393939,
304,592.640877,0.5,0.948484848484848,0.86060606060606,
304,926.167965,-0.5,0.948484848484848,0.86060606060606,
304,642.183065,0.5,0.948484848484848,0.86060606060606,
304,591.973066,0.5,0.948484848484848,0.86060606060606,
304,691.506147,0.5,0.948484848484848,0.86060606060606,
304,511.008978,0.5,0.948484848484848,0.86060606060606,
304,710.835934,0.5,0.948484848484848,0.86060606060606,
304,560.127974,0.5,0.948484848484848,0.86060606060606,
304,542.662859,0.5,0.948484848484848,0.86060606060606,
304,525.878191,0.5,0.948484848484848,0.86060606060606,
304,741.913795,0.5,0.948484848484848,0.86060606060606,
304,639.929056,0.5,0.948484848484848,0.86060606060606,
304,575.949907,0.5,0.948484848484848,0.86060606060606,
304,643.913031,0.5,0.948484848484848,0.86060606060606,
304,758.965015,0.5,0.948484848484848,0.86060606060606,
304,1225.973129,-0.5,0.948484848484848,0.86060606060606,
304,809.925079,0.5,0.948484848484848,0.86060606060606,
304,725.775003,0.5,0.948484848484848,0.86060606060606,
304,757.594109,0.5,0.948484848484848,0.86060606060606,
304,825.896978,-0.5,0.948484848484848,0.86060606060606,
304,610.330105,-0.5,0.948484848484848,0.86060606060606,
305,577.737093,0.5,-0.251515151515151,0.86060606060606,
305,526.437044,0.5,-0.251515151515151,0.86060606060606,
305,758.597136,0.5,-0.251515151515151,0.86060606060606,
305,625.545025,0.5,-0.251515151515151,0.86060606060606,
305,642.712831,0.5,-0.251515151515151,0.86060606060606,
305,524.48988,0.5,-0.251515151515151,0.86060606060606,
305,643.592834,-0.5,-0.251515151515151,0.86060606060606,
305,577.285051,0.5,-0.251515151515151,0.86060606060606,
305,659.074068,-0.5,-0.251515151515151,0.86060606060606,
305,509.203196,0.5,-0.251515151515151,0.86060606060606,
305,492.809057,0.5,-0.251515151515151,0.86060606060606,
305,642.469883,0.5,-0.251515151515151,0.86060606060606,
305,608.59108,0.5,-0.251515151515151,0.86060606060606,
305,475.741148,0.5,-0.251515151515151,0.86060606060606,
305,625.130892,0.5,-0.251515151515151,0.86060606060606,
305,607.793093,0.5,-0.251515151515151,0.86060606060606,
305,592.279911,-0.5,-0.251515151515151,0.86060606060606,
305,709.229946,-0.5,-0.251515151515151,0.86060606060606,
305,775.605917,0.5,-0.251515151515151,0.86060606060606,
306,858.340979,0.5,0.348484848484849,0.260606060606061,
306,925.102949,0.5,0.348484848484849,0.260606060606061,
306,1126.148939,0.5,0.348484848484849,0.260606060606061,
306,1026.129007,0.5,0.348484848484849,0.260606060606061,
306,875.502825,0.5,0.348484848484849,0.260606060606061,
306,1392.830133,0.5,0.348484848484849,0.260606060606061,
306,776.058912,0.5,0.348484848484849,0.260606060606061,
306,1358.732939,-0.5,0.348484848484849,0.260606060606061,
306,860.286951,0.5,0.348484848484849,0.260606060606061,
306,975.487947,0.5,0.348484848484849,0.260606060606061,
306,911.255836,0.5,0.348484848484849,0.260606060606061,
306,892.500877,0.5,0.348484848484849,0.260606060606061,
306,858.906031,0.5,0.348484848484849,0.260606060606061,
306,740.658045,0.5,0.348484848484849,0.260606060606061,
306,775.451899,0.5,0.348484848484849,0.260606060606061,
306,792.526007,0.5,0.348484848484849,0.260606060606061,
306,744.54999,0.5,0.348484848484849,0.260606060606061,
306,1026.695013,0.5,0.348484848484849,0.260606060606061,
306,1425.448895,0.5,0.348484848484849,0.260606060606061,
306,859.223127,0.5,0.348484848484849,0.260606060606061,
306,791.656017,0.5,0.348484848484849,0.260606060606061,
